8858955842
1871922458
8493067962
1957954786
4046332089
1477651801
5314703364
3761913191
0313812655
5193368985
5679354492
9079974602
0516249887
8254777582
6750081821
9247386678
7980547364
9255880772
7899267152
4360592401
7702335958
1262710601
8576997525
7172247625
8667848782
0591396755
9928952156
0136430931
2932213679
5382893703
5409612027
6279952212
2744779016
9170248762
9797754582
3252124196
6262234020
7712341312
7091385173
7841372019
0832393613
5796451536
4971150463
1378078814
4551248195
7708790057
5519706467
4191484019
4071509152
1426324333
5976543832
3721677346
4428839400
4398797653
4809468844
5504788817
4871472706
9461010561
3827380631
2377478537
2863157420
0206318100
2440679460
6591342569
7410106795
6171515002
9579708510
0422483633
0993408156
1916110209
4860401373
7261269500
9521845206
7136543790
4803252964
9702572681
7946609222
0535018785
1581370073
9204851873
2632413585
4690075839
6359158610
8668584070
4765080718
0873128748
4091874569
4585294365
1006141449
5100553634
5913428351
5598625006
5932635079
8714191503
1407203107
1424759797
3857766995
2777941777
3554949126
0185505541
