167.986.4800
(002)317-7838x37908
202-533-5657x831
703-493-3046
+1-432-997-7653x5062
435-569-6100x137
(965)145-4222
+1-032-989-9674x248
(598)120-7013
938.145.4062x95941
4038110115
2206256733
7361373810
5454798785
8397312683
2331029737
3477383805
7926092288
3334976243
5422833844
6039158482
9260444619
2946238545
4911789965
3601932743
4007090986
8855487747
0288118381
2250351174
3824159156
5594661910
0329899674
2483967113
1909221679
3448303234
8637267475
9651454222
0023177838
6416632580
5754016616
4300831611
1468745897
2391774938
2044000781
4998601850
3427192045
6619666659
4070958602
2779248991
3810326337
8196212340
2204703803
3197457978
4846304359
0323121165
5132356084
1745182453
1630458536
1129320710
4568168910
7015748983
3385163024
7024025401
4576049948
2574070582
8205227784
0127356191
0753678659
9777474531
4641808446
8189304588
7725076526
9528157011
6201197516
5486455746
1548641885
