0005642086
1738429478
0725373311
8526836020
9836638264
7329509856
3438313296
2132499380
5207736403
4883094484
5968649494
0860981711
7558655812
4876358888
8213350067
8394813125
6508813892
4398209384
9562621200
3149464504
2191280797
1729466281
4023256678
9758547188
7669228722
6504499037
2119032424
6967423150
4603490117
4378283294
8843274091
1468952085
8457079077
5251668150
3598587929
1047099567
9917523167
0636260622
6162829534
2058904180
2546621086
8720593704
2899061645
5222442059
5091281318
8238145449
2158801309
3234604484
7174104213
8713136337
7419256086
7569550129
0628854739
7387928240
1343636338
8298203744
4811508142
7786653921
7522260294
5400870490
3023676700
8824507857
9448894637
2592315073
9625105460
0101910355
1985308524
1735302177
7291158963
9973617039
8775871705
7016099628
8040801386
3822106803
0645023406
3595012337
9261357652
3876030185
1567499035
7321993313
1712579681
1145887803
6251299109
1772306626
5443951761
2977437549
3614299029
2271250136
1302906733
3356953389
6587417801
1960984127
2025726777
9672007624
4511649208
4908475411
9058808256
3623828623
1101348519
3749704689
0391297547
0322130973
2701761749
2477406211
4299679749
6074876874
3457203657
6285919030
6853310822
4432388754
5082048634
9287406973
8685997740
8762045863
1027724820
4600632623
2959632929
3651548870
8494881444
7344109775
5717766958
1148371504
5542202826
2706051168
1243466078
1572195200
6259100086
4515148535
2751858895
8509345037
7999697572
6326319211
3691628208
5357371876
8876599090
9132830597
0611495190
7438448215
6514288343
7583929573
7672247318
6964912789
4039938359
3701659023
4607192200
0878453712
3187434832
9280955146
0162466677
3836154485
5487192404
5771400375
6008702171
2407688833
4966661487
0478002040
5514922021
3604695628
0230964277
0669002388
6455931823
0302704296
8986906679
9236262862
2570920751
6048945040
7293577320
1062714957
2771414191
3523076588
5210764751
9349704730
9090602892
3912524763
2405762858
3900074380
2614080531
8046407222
1224643397
2959805031
4236893354
1330210555
0695386011
9986668874
0545767109
5934026119
3307146399
9812762728
6595124021
7431717528
0000891046
3949870544
7209686615
8901182439
7610544309
6137550940
4135879175
1844674910
5786657163
2650963931
2337814070
8167541119
8086307811
8541973700
4791666803
7717863647
4706080402
0440349191
3538068831
4129283897
3748242379
9757164567
2297090567
4550885421
0440486245
4328496340
6753377633
6502135261
3771618380
0980145326
2056139366
5504388253
3856389296
6381826628
4297384496
7796312024
6827597566
7122993388
7781440489
6576804777
8239407281
3206701161
5597413733
8549065159
7309818031
1531608173
0931141501
8669583798
3731648869
4929634094
5670458816
6176799347
5782981227
2132954140
5709828518
5646566689
1777487235
6980378990
7356604500
8816067272
2771631308
9521825916
8752003827
1634688685
3337374425
7779156265
0303126155
8722628228
9378584229
0959247680
8221800554
6755016690
0517724947
4429225984
3761800778
5403342648
8091054374
1030721292
0683313877
6472382572
7325745930
7294232385
5437528523
2674108626
6690830490
9637650307
5221580540
6667875508
7159679967
6662741029
8508869497
2448166554
3141946891
9361088492
5686763806
2234027366
3822883185
2372535611
7364040387
1951597305
9336167213
0065661167
5274364485
7969549078
1959398267
3544201191
0577318295
0964759513
3889115294
2357940633
