4511649208
8752003827
6755016690
6964912789
0302704296
0230964277
3538068831
0628854739
4511649208
1735302177
6326319211
2297090567
0628854739
7364040387
6964912789
4297384496
1985308524
4883094484
7291158963
8722628228
7419256086
2405762858
0005642086
9261357652
2706051168
6259100086
3457203657
2959805031
3761800778
5717766958
New circle
-----------1-circle of suspects:-----------
1960984127
4511649208
1101348519
0302704296
6755016690
5400870490
0860981711
2271250136
0440486245
0959247680
7174104213
4429225984
3614299029
9637650307
5709828518
6508813892
5934026119
4908475411
4432388754
0322130973
8238145449
8901182439
7569550129
0005642086
4811508142
9836638264
1567499035
6753377633
8720593704
4929634094
9058808256
8876599090
4023256678
0636260622
5487192404
3538068831
3337374425
7293577320
0065661167
9287406973
3149464504
0964759513
5542202826
8775871705
4550885421
7309818031
8239407281
2477406211
7159679967
5443951761
4607192200
0577318295
9448894637
3761800778
0162466677
7364040387
7209686615
2058904180
1243466078
8722628228
3822883185
8986906679
8824507857
1951597305
5221580540
2614080531
7016099628
6176799347
0545767109
9917523167
7329509856
9090602892
2448166554
2191280797
5968649494
2771631308
9261357652
4515148535
7610544309
5597413733
3234604484
2337814070
6137550940
7786653921
2546621086
0478002040
5670458816
8685997740
3206701161
8669583798
7122993388
8549065159
0931141501
3771618380
2771414191
8046407222
1302906733
8816067272
4966661487
6381826628
2592315073
7669228722
8494881444
3836154485
8762045863
7294232385
2297090567
9361088492
7717863647
4378283294
4328496340
4129283897
9336167213
6576804777
3523076588
3604695628
3889115294
5771400375
5514922021
6827597566
1148371504
3438313296
4236893354
1959398267
7558655812
1572195200
9973617039
2977437549
6259100086
7356604500
7781440489
5686763806
6587417801
9236262862
1712579681
1777487235
8213350067
4791666803
5357371876
5646566689
7672247318
2158801309
3023676700
7419256086
2132954140
1772306626
7387928240
6472382572
1735302177
7583929573
7321993313
6514288343
3691628208
1844674910
6967423150
8221800554
9986668874
1062714957
3544201191
0980145326
1729466281
8508869497
5504388253
5717766958
6326319211
3856389296
2372535611
1985308524
0628854739
4299679749
9378584229
2357940633
8040801386
4603490117
2056139366
5782981227
7999697572
6162829534
0725373311
2407688833
0611495190
3457203657
3623828623
9521825916
4135879175
1047099567
5207736403
1224643397
8541973700
6048945040
4398209384
4039938359
5403342648
4600632623
2570920751
7522260294
2119032424
3949870544
3598587929
3822106803
6964912789
1343636338
4297384496
8091054374
4706080402
2959805031
1738429478
0669002388
5437528523
3900074380
2234027366
5210764751
6502135261
3307146399
6595124021
0695386011
0391297547
8167541119
9625105460
5091281318
3141946891
2132499380
9672007624
2025726777
6008702171
9562621200
8298203744
0230964277
0303126155
6853310822
7796312024
6285919030
6667875508
0440349191
0683313877
7969549078
3356953389
3876030185
8752003827
2899061645
1468952085
3701659023
3749704689
6455931823
3912524763
2405762858
8457079077
2959632929
9280955146
3187434832
1330210555
9758547188
9132830597
5222442059
7431717528
6251299109
8509345037
2751858895
1027724820
1634688685
6980378990
5082048634
6690830490
5251668150
4876358888
8086307811
8394813125
6662741029
0878453712
8713136337
1030721292
1531608173
3595012337
7325745930
5786657163
7438448215
2701761749
7344109775
4883094484
9757164567
2706051168
9812762728
5274364485
2650963931
0000891046
3651548870
New circle
-----------2-circle of suspects:-----------
1960984127
0860981711
4511649208
0302704296
6755016690
5400870490
8526836020
2271250136
1101348519
0440486245
7174104213
3614299029
4429225984
5686763806
0959247680
5709828518
9637650307
6508813892
5934026119
4908475411
4432388754
0322130973
8238145449
8901182439
7569550129
4811508142
0005642086
9836638264
1567499035
6753377633
8720593704
4929634094
9058808256
8876599090
4023256678
0636260622
3538068831
5487192404
3337374425
7293577320
0065661167
9287406973
3149464504
0964759513
5542202826
8775871705
4550885421
7309818031
8239407281
2477406211
7159679967
5443951761
4607192200
0577318295
9448894637
3761800778
0162466677
7209686615
7364040387
2058904180
1243466078
8722628228
3822883185
7016099628
8824507857
8986906679
5221580540
2614080531
1951597305
6176799347
0545767109
9917523167
7329509856
9090602892
2448166554
2191280797
5968649494
9261357652
1145887803
4515148535
2771631308
7610544309
5597413733
3234604484
2337814070
6137550940
7786653921
2546621086
0478002040
5670458816
8685997740
7122993388
8669583798
8549065159
3206701161
0931141501
3771618380
2771414191
8046407222
6381826628
1302906733
4966661487
8816067272
2592315073
0517724947
7669228722
9349704730
8494881444
3836154485
8762045863
7294232385
2297090567
9361088492
7717863647
4378283294
9336167213
4328496340
4129283897
3523076588
3889115294
3604695628
6576804777
5771400375
5514922021
6827597566
1148371504
3438313296
4236893354
1959398267
7558655812
1572195200
9973617039
2977437549
6259100086
7356604500
1777487235
7781440489
6587417801
9236262862
7291158963
1712579681
8213350067
5646566689
5357371876
4791666803
7672247318
2158801309
3023676700
7419256086
2132954140
2674108626
7387928240
1772306626
0101910355
1735302177
7583929573
6504499037
3748242379
7321993313
6472382572
1844674910
6514288343
3691628208
6967423150
8221800554
9986668874
1062714957
3544201191
0980145326
7779156265
1729466281
8508869497
5504388253
6326319211
5717766958
6074876874
3856389296
2372535611
1985308524
0628854739
4299679749
9378584229
2357940633
8040801386
2056139366
4603490117
5782981227
6162829534
7999697572
3457203657
3623828623
2407688833
5207736403
0611495190
0725373311
9521825916
4135879175
1047099567
1224643397
5403342648
8541973700
6048945040
4398209384
4039938359
2570920751
6964912789
7522260294
2119032424
3949870544
3822106803
4600632623
3598587929
1343636338
4297384496
8091054374
4706080402
2959805031
1738429478
5437528523
0669002388
3900074380
2234027366
5210764751
0695386011
3307146399
6595124021
6502135261
0391297547
9625105460
8167541119
5091281318
3141946891
2132499380
9672007624
2025726777
3731648869
6008702171
9562621200
8298203744
0303126155
0230964277
6853310822
7796312024
6285919030
6667875508
0440349191
0683313877
7969549078
3356953389
3876030185
8752003827
2899061645
1468952085
3701659023
3749704689
6455931823
3912524763
2405762858
8457079077
2959632929
9758547188
3187434832
1330210555
9280955146
5222442059
9132830597
7431717528
6251299109
8509345037
2751858895
8843274091
1027724820
1634688685
6980378990
5082048634
6690830490
5251668150
8713136337
8086307811
6662741029
4876358888
0878453712
8394813125
1030721292
1531608173
3595012337
5786657163
7325745930
7438448215
2701761749
2706051168
9812762728
9757164567
4883094484
5274364485
7344109775
2650963931
0000891046
3651548870
0645023406
New circle
-----------3-circle of suspects:-----------
1960984127
0860981711
4511649208
0302704296
6755016690
5400870490
8526836020
2271250136
1101348519
0440486245
7174104213
3614299029
4429225984
5686763806
0959247680
5709828518
9637650307
6508813892
5934026119
4908475411
4432388754
0322130973
8238145449
8901182439
7569550129
4811508142
0005642086
9836638264
1567499035
6753377633
8720593704
4929634094
9058808256
8876599090
4023256678
0636260622
3538068831
5487192404
3337374425
7293577320
0065661167
9287406973
3149464504
0964759513
5542202826
8775871705
4550885421
7309818031
8239407281
2477406211
7159679967
5443951761
4607192200
0577318295
9448894637
3761800778
0162466677
7209686615
7364040387
2058904180
1243466078
8722628228
3822883185
7016099628
8824507857
8986906679
5221580540
2614080531
1951597305
6176799347
0545767109
9917523167
7329509856
9090602892
2448166554
2191280797
5968649494
9261357652
1145887803
4515148535
2771631308
7610544309
5597413733
3234604484
2337814070
6137550940
7786653921
2546621086
0478002040
5670458816
8685997740
7122993388
8669583798
8549065159
3206701161
0931141501
3771618380
2771414191
8046407222
6381826628
1302906733
4966661487
8816067272
2592315073
0517724947
7669228722
9349704730
8494881444
3836154485
8762045863
7294232385
2297090567
9361088492
7717863647
4378283294
9336167213
4328496340
4129283897
3523076588
6576804777
3604695628
3889115294
5771400375
5514922021
6827597566
1148371504
3438313296
4236893354
1959398267
7558655812
1572195200
9973617039
2977437549
6259100086
7356604500
1777487235
7781440489
6587417801
9236262862
7291158963
1712579681
8213350067
5646566689
5357371876
4791666803
7672247318
2158801309
3023676700
7419256086
2132954140
2674108626
7387928240
1772306626
0101910355
6472382572
1844674910
6504499037
3748242379
1735302177
7583929573
7321993313
6514288343
3691628208
6967423150
8221800554
9986668874
1062714957
3544201191
0980145326
7779156265
1729466281
8508869497
5504388253
6326319211
5717766958
6074876874
3856389296
2372535611
1985308524
0628854739
4299679749
9378584229
2357940633
8040801386
2056139366
4603490117
5782981227
6162829534
7999697572
3457203657
3623828623
2407688833
5207736403
0611495190
0725373311
9521825916
4135879175
1047099567
1224643397
5403342648
8541973700
6048945040
4398209384
4039938359
2570920751
6964912789
7522260294
2119032424
3949870544
3822106803
4600632623
3598587929
1343636338
4297384496
8091054374
4706080402
2959805031
1738429478
5437528523
0669002388
3900074380
2234027366
5210764751
0695386011
3307146399
6595124021
6502135261
0391297547
9625105460
8167541119
5091281318
3141946891
2132499380
9672007624
2025726777
3731648869
6008702171
9562621200
8298203744
0303126155
0230964277
6853310822
7796312024
6285919030
6667875508
0440349191
0683313877
7969549078
3356953389
3876030185
8752003827
2899061645
1468952085
3701659023
3749704689
6455931823
3912524763
2405762858
8457079077
2959632929
9758547188
3187434832
1330210555
9280955146
5222442059
9132830597
7431717528
6251299109
8509345037
2751858895
8843274091
1027724820
1634688685
6980378990
5082048634
6690830490
5251668150
8713136337
8086307811
6662741029
4876358888
0878453712
8394813125
1030721292
1531608173
3595012337
5786657163
7325745930
7438448215
2701761749
7344109775
9812762728
9757164567
4883094484
5274364485
2706051168
2650963931
0000891046
3651548870
0645023406
New circle
-----------4-circle of suspects:-----------
1960984127
0860981711
4511649208
0302704296
6755016690
5400870490
8526836020
2271250136
1101348519
0440486245
7174104213
3614299029
4429225984
5686763806
0959247680
5709828518
9637650307
6508813892
5934026119
4908475411
4432388754
0322130973
8238145449
8901182439
7569550129
4811508142
0005642086
9836638264
1567499035
6753377633
8720593704
4929634094
9058808256
8876599090
4023256678
0636260622
3538068831
5487192404
3337374425
7293577320
0065661167
9287406973
3149464504
0964759513
5542202826
8775871705
4550885421
7309818031
8239407281
2477406211
7159679967
5443951761
4607192200
0577318295
9448894637
3761800778
0162466677
7209686615
7364040387
2058904180
1243466078
8722628228
3822883185
7016099628
8824507857
8986906679
5221580540
2614080531
1951597305
6176799347
0545767109
9917523167
7329509856
9090602892
2448166554
2191280797
5968649494
9261357652
1145887803
4515148535
2771631308
7610544309
5597413733
3234604484
2337814070
6137550940
7786653921
2546621086
0478002040
5670458816
8685997740
7122993388
8669583798
8549065159
3206701161
0931141501
3771618380
2771414191
8046407222
6381826628
1302906733
4966661487
8816067272
2592315073
0517724947
7669228722
9349704730
8494881444
3836154485
8762045863
7294232385
2297090567
9361088492
7717863647
4378283294
9336167213
4328496340
4129283897
3523076588
6576804777
3604695628
3889115294
5771400375
5514922021
6827597566
1148371504
3438313296
4236893354
1959398267
7558655812
1572195200
9973617039
2977437549
6259100086
7356604500
1777487235
7781440489
6587417801
9236262862
7291158963
1712579681
8213350067
5646566689
5357371876
4791666803
7672247318
2158801309
3023676700
7419256086
2132954140
2674108626
7387928240
1772306626
0101910355
6472382572
1844674910
6504499037
3748242379
1735302177
7583929573
7321993313
6514288343
3691628208
6967423150
8221800554
9986668874
1062714957
3544201191
0980145326
7779156265
1729466281
8508869497
5504388253
6326319211
5717766958
6074876874
3856389296
2372535611
1985308524
0628854739
4299679749
9378584229
2357940633
8040801386
2056139366
4603490117
5782981227
6162829534
7999697572
3457203657
3623828623
2407688833
5207736403
0611495190
0725373311
9521825916
4135879175
1047099567
1224643397
5403342648
8541973700
6048945040
4398209384
4039938359
2570920751
6964912789
7522260294
2119032424
3949870544
3822106803
4600632623
3598587929
1343636338
4297384496
8091054374
4706080402
2959805031
1738429478
5437528523
0669002388
3900074380
2234027366
5210764751
0695386011
3307146399
6595124021
6502135261
0391297547
9625105460
8167541119
5091281318
3141946891
2132499380
9672007624
2025726777
3731648869
6008702171
9562621200
8298203744
0303126155
0230964277
6853310822
7796312024
6285919030
6667875508
0440349191
0683313877
7969549078
3356953389
3876030185
8752003827
2899061645
1468952085
3701659023
3749704689
6455931823
3912524763
2405762858
8457079077
2959632929
9758547188
3187434832
1330210555
9280955146
5222442059
9132830597
7431717528
6251299109
8509345037
2751858895
8843274091
1027724820
1634688685
6980378990
5082048634
6690830490
5251668150
8713136337
8086307811
6662741029
4876358888
0878453712
8394813125
1030721292
1531608173
3595012337
5786657163
7325745930
7438448215
2701761749
7344109775
9812762728
9757164567
4883094484
5274364485
2706051168
2650963931
0000891046
3651548870
0645023406
New circle
-----------5-circle of suspects:-----------
1960984127
0860981711
4511649208
0302704296
6755016690
5400870490
8526836020
2271250136
1101348519
0440486245
7174104213
3614299029
4429225984
5686763806
0959247680
5709828518
9637650307
6508813892
5934026119
4908475411
4432388754
0322130973
8238145449
8901182439
7569550129
4811508142
0005642086
9836638264
1567499035
6753377633
8720593704
4929634094
9058808256
8876599090
4023256678
0636260622
3538068831
5487192404
3337374425
7293577320
0065661167
9287406973
3149464504
0964759513
5542202826
8775871705
4550885421
7309818031
8239407281
2477406211
7159679967
5443951761
4607192200
0577318295
9448894637
3761800778
0162466677
7209686615
7364040387
2058904180
1243466078
8722628228
3822883185
7016099628
8824507857
8986906679
5221580540
2614080531
1951597305
6176799347
0545767109
9917523167
7329509856
9090602892
2448166554
2191280797
5968649494
9261357652
1145887803
4515148535
2771631308
7610544309
5597413733
3234604484
2337814070
6137550940
7786653921
2546621086
0478002040
5670458816
8685997740
7122993388
8669583798
8549065159
3206701161
0931141501
3771618380
2771414191
8046407222
6381826628
1302906733
4966661487
8816067272
2592315073
0517724947
7669228722
9349704730
8494881444
3836154485
8762045863
7294232385
2297090567
9361088492
7717863647
4378283294
9336167213
4328496340
4129283897
3523076588
6576804777
3604695628
3889115294
5771400375
5514922021
6827597566
1148371504
3438313296
4236893354
1959398267
7558655812
1572195200
9973617039
2977437549
6259100086
7356604500
1777487235
7781440489
6587417801
9236262862
7291158963
1712579681
8213350067
5646566689
5357371876
4791666803
7672247318
2158801309
3023676700
7419256086
2132954140
2674108626
7387928240
1772306626
0101910355
6472382572
1844674910
6504499037
3748242379
1735302177
7583929573
7321993313
6514288343
3691628208
6967423150
8221800554
9986668874
1062714957
3544201191
0980145326
7779156265
1729466281
8508869497
5504388253
6326319211
5717766958
6074876874
3856389296
2372535611
1985308524
0628854739
4299679749
9378584229
2357940633
8040801386
2056139366
4603490117
5782981227
6162829534
7999697572
3457203657
3623828623
2407688833
5207736403
0611495190
0725373311
9521825916
4135879175
1047099567
1224643397
5403342648
8541973700
6048945040
4398209384
4039938359
2570920751
6964912789
7522260294
2119032424
3949870544
3822106803
4600632623
3598587929
1343636338
4297384496
8091054374
4706080402
2959805031
1738429478
5437528523
0669002388
3900074380
2234027366
5210764751
0695386011
3307146399
6595124021
6502135261
0391297547
9625105460
8167541119
5091281318
3141946891
2132499380
9672007624
2025726777
3731648869
6008702171
9562621200
8298203744
0303126155
0230964277
6853310822
7796312024
6285919030
6667875508
0440349191
0683313877
7969549078
3356953389
3876030185
8752003827
2899061645
1468952085
3701659023
3749704689
6455931823
3912524763
2405762858
8457079077
2959632929
9758547188
3187434832
1330210555
9280955146
5222442059
9132830597
7431717528
6251299109
8509345037
2751858895
8843274091
1027724820
1634688685
6980378990
5082048634
6690830490
5251668150
8713136337
8086307811
6662741029
4876358888
0878453712
8394813125
1030721292
1531608173
3595012337
5786657163
7325745930
7438448215
2701761749
7344109775
9812762728
9757164567
4883094484
5274364485
2706051168
2650963931
0000891046
3651548870
0645023406
New circle
-----------6-circle of suspects:-----------
1960984127
0860981711
4511649208
0302704296
6755016690
5400870490
8526836020
2271250136
1101348519
0440486245
7174104213
3614299029
4429225984
5686763806
0959247680
5709828518
9637650307
6508813892
5934026119
4908475411
4432388754
0322130973
8238145449
8901182439
7569550129
4811508142
0005642086
9836638264
1567499035
6753377633
8720593704
4929634094
9058808256
8876599090
4023256678
0636260622
3538068831
5487192404
3337374425
7293577320
0065661167
9287406973
3149464504
0964759513
5542202826
8775871705
4550885421
7309818031
8239407281
2477406211
7159679967
5443951761
4607192200
0577318295
9448894637
3761800778
0162466677
7209686615
7364040387
2058904180
1243466078
8722628228
3822883185
7016099628
8824507857
8986906679
5221580540
2614080531
1951597305
6176799347
0545767109
9917523167
7329509856
9090602892
2448166554
2191280797
5968649494
9261357652
1145887803
4515148535
2771631308
7610544309
5597413733
3234604484
2337814070
6137550940
7786653921
2546621086
0478002040
5670458816
8685997740
7122993388
8669583798
8549065159
3206701161
0931141501
3771618380
2771414191
8046407222
6381826628
1302906733
4966661487
8816067272
2592315073
0517724947
7669228722
9349704730
8494881444
3836154485
8762045863
7294232385
2297090567
9361088492
7717863647
4378283294
9336167213
4328496340
4129283897
3523076588
6576804777
3604695628
3889115294
5771400375
5514922021
6827597566
1148371504
3438313296
4236893354
1959398267
7558655812
1572195200
9973617039
2977437549
6259100086
7356604500
1777487235
7781440489
6587417801
9236262862
7291158963
1712579681
8213350067
5646566689
5357371876
4791666803
7672247318
2158801309
3023676700
7419256086
2132954140
2674108626
7387928240
1772306626
0101910355
6472382572
1844674910
6504499037
3748242379
1735302177
7583929573
7321993313
6514288343
3691628208
6967423150
8221800554
9986668874
1062714957
3544201191
0980145326
7779156265
1729466281
8508869497
5504388253
6326319211
5717766958
6074876874
3856389296
2372535611
1985308524
0628854739
4299679749
9378584229
2357940633
8040801386
2056139366
4603490117
5782981227
6162829534
7999697572
3457203657
3623828623
2407688833
5207736403
0611495190
0725373311
9521825916
4135879175
1047099567
1224643397
5403342648
8541973700
6048945040
4398209384
4039938359
2570920751
6964912789
7522260294
2119032424
3949870544
3822106803
4600632623
3598587929
1343636338
4297384496
8091054374
4706080402
2959805031
1738429478
5437528523
0669002388
3900074380
2234027366
5210764751
0695386011
3307146399
6595124021
6502135261
0391297547
9625105460
8167541119
5091281318
3141946891
2132499380
9672007624
2025726777
3731648869
6008702171
9562621200
8298203744
0303126155
0230964277
6853310822
7796312024
6285919030
6667875508
0440349191
0683313877
7969549078
3356953389
3876030185
8752003827
2899061645
1468952085
3701659023
3749704689
6455931823
3912524763
2405762858
8457079077
2959632929
9758547188
3187434832
1330210555
9280955146
5222442059
9132830597
7431717528
6251299109
8509345037
2751858895
8843274091
1027724820
1634688685
6980378990
5082048634
6690830490
5251668150
8713136337
8086307811
6662741029
4876358888
0878453712
8394813125
1030721292
1531608173
3595012337
5786657163
7325745930
7438448215
2701761749
7344109775
9812762728
9757164567
4883094484
5274364485
2706051168
2650963931
0000891046
3651548870
0645023406
New circle
-----------7-circle of suspects:-----------
1960984127
0860981711
4511649208
0302704296
6755016690
5400870490
8526836020
2271250136
1101348519
0440486245
7174104213
3614299029
4429225984
5686763806
0959247680
5709828518
9637650307
6508813892
5934026119
4908475411
4432388754
0322130973
8238145449
8901182439
7569550129
4811508142
0005642086
9836638264
1567499035
6753377633
8720593704
4929634094
9058808256
8876599090
4023256678
0636260622
3538068831
5487192404
3337374425
7293577320
0065661167
9287406973
3149464504
0964759513
5542202826
8775871705
4550885421
7309818031
8239407281
2477406211
7159679967
5443951761
4607192200
0577318295
9448894637
3761800778
0162466677
7209686615
7364040387
2058904180
1243466078
8722628228
3822883185
7016099628
8824507857
8986906679
5221580540
2614080531
1951597305
6176799347
0545767109
9917523167
7329509856
9090602892
2448166554
2191280797
5968649494
9261357652
1145887803
4515148535
2771631308
7610544309
5597413733
3234604484
2337814070
6137550940
7786653921
2546621086
0478002040
5670458816
8685997740
7122993388
8669583798
8549065159
3206701161
0931141501
3771618380
2771414191
8046407222
6381826628
1302906733
4966661487
8816067272
2592315073
0517724947
7669228722
9349704730
8494881444
3836154485
8762045863
7294232385
2297090567
9361088492
7717863647
4378283294
9336167213
4328496340
4129283897
3523076588
6576804777
3604695628
3889115294
5771400375
5514922021
6827597566
1148371504
3438313296
4236893354
1959398267
7558655812
1572195200
9973617039
2977437549
6259100086
7356604500
1777487235
7781440489
6587417801
9236262862
7291158963
1712579681
8213350067
5646566689
5357371876
4791666803
7672247318
2158801309
3023676700
7419256086
2132954140
2674108626
7387928240
1772306626
0101910355
6472382572
1844674910
6504499037
3748242379
1735302177
7583929573
7321993313
6514288343
3691628208
6967423150
8221800554
9986668874
1062714957
3544201191
0980145326
7779156265
1729466281
8508869497
5504388253
6326319211
5717766958
6074876874
3856389296
2372535611
1985308524
0628854739
4299679749
9378584229
2357940633
8040801386
2056139366
4603490117
5782981227
6162829534
7999697572
3457203657
3623828623
2407688833
5207736403
0611495190
0725373311
9521825916
4135879175
1047099567
1224643397
5403342648
8541973700
6048945040
4398209384
4039938359
2570920751
6964912789
7522260294
2119032424
3949870544
3822106803
4600632623
3598587929
1343636338
4297384496
8091054374
4706080402
2959805031
1738429478
5437528523
0669002388
3900074380
2234027366
5210764751
0695386011
3307146399
6595124021
6502135261
0391297547
9625105460
8167541119
5091281318
3141946891
2132499380
9672007624
2025726777
3731648869
6008702171
9562621200
8298203744
0303126155
0230964277
6853310822
7796312024
6285919030
6667875508
0440349191
0683313877
7969549078
3356953389
3876030185
8752003827
2899061645
1468952085
3701659023
3749704689
6455931823
3912524763
2405762858
8457079077
2959632929
9758547188
3187434832
1330210555
9280955146
5222442059
9132830597
7431717528
6251299109
8509345037
2751858895
8843274091
1027724820
1634688685
6980378990
5082048634
6690830490
5251668150
8713136337
8086307811
6662741029
4876358888
0878453712
8394813125
1030721292
1531608173
3595012337
5786657163
7325745930
7438448215
2701761749
7344109775
9812762728
9757164567
4883094484
5274364485
2706051168
2650963931
0000891046
3651548870
0645023406
New circle
-----------8-circle of suspects:-----------
1960984127
0860981711
4511649208
0302704296
6755016690
5400870490
8526836020
2271250136
1101348519
0440486245
7174104213
3614299029
4429225984
5686763806
0959247680
5709828518
9637650307
6508813892
5934026119
4908475411
4432388754
0322130973
8238145449
8901182439
7569550129
4811508142
0005642086
9836638264
1567499035
6753377633
8720593704
4929634094
9058808256
8876599090
4023256678
0636260622
3538068831
5487192404
3337374425
7293577320
0065661167
9287406973
3149464504
0964759513
5542202826
8775871705
4550885421
7309818031
8239407281
2477406211
7159679967
5443951761
4607192200
0577318295
9448894637
3761800778
0162466677
7209686615
7364040387
2058904180
1243466078
8722628228
3822883185
7016099628
8824507857
8986906679
5221580540
2614080531
1951597305
6176799347
0545767109
9917523167
7329509856
9090602892
2448166554
2191280797
5968649494
9261357652
1145887803
4515148535
2771631308
7610544309
5597413733
3234604484
2337814070
6137550940
7786653921
2546621086
0478002040
5670458816
8685997740
7122993388
8669583798
8549065159
3206701161
0931141501
3771618380
2771414191
8046407222
6381826628
1302906733
4966661487
8816067272
2592315073
0517724947
7669228722
9349704730
8494881444
3836154485
8762045863
7294232385
2297090567
9361088492
7717863647
4378283294
9336167213
4328496340
4129283897
3523076588
6576804777
3604695628
3889115294
5771400375
5514922021
6827597566
1148371504
3438313296
4236893354
1959398267
7558655812
1572195200
9973617039
2977437549
6259100086
7356604500
1777487235
7781440489
6587417801
9236262862
7291158963
1712579681
8213350067
5646566689
5357371876
4791666803
7672247318
2158801309
3023676700
7419256086
2132954140
2674108626
7387928240
1772306626
0101910355
6472382572
1844674910
6504499037
3748242379
1735302177
7583929573
7321993313
6514288343
3691628208
6967423150
8221800554
9986668874
1062714957
3544201191
0980145326
7779156265
1729466281
8508869497
5504388253
6326319211
5717766958
6074876874
3856389296
2372535611
1985308524
0628854739
4299679749
9378584229
2357940633
8040801386
2056139366
4603490117
5782981227
6162829534
7999697572
3457203657
3623828623
2407688833
5207736403
0611495190
0725373311
9521825916
4135879175
1047099567
1224643397
5403342648
8541973700
6048945040
4398209384
4039938359
2570920751
6964912789
7522260294
2119032424
3949870544
3822106803
4600632623
3598587929
1343636338
4297384496
8091054374
4706080402
2959805031
1738429478
5437528523
0669002388
3900074380
2234027366
5210764751
0695386011
3307146399
6595124021
6502135261
0391297547
9625105460
8167541119
5091281318
3141946891
2132499380
9672007624
2025726777
3731648869
6008702171
9562621200
8298203744
0303126155
0230964277
6853310822
7796312024
6285919030
6667875508
0440349191
0683313877
7969549078
3356953389
3876030185
8752003827
2899061645
1468952085
3701659023
3749704689
6455931823
3912524763
2405762858
8457079077
2959632929
9758547188
3187434832
1330210555
9280955146
5222442059
9132830597
7431717528
6251299109
8509345037
2751858895
8843274091
1027724820
1634688685
6980378990
5082048634
6690830490
5251668150
8713136337
8086307811
6662741029
4876358888
0878453712
8394813125
1030721292
1531608173
3595012337
5786657163
7325745930
7438448215
2701761749
7344109775
9812762728
9757164567
4883094484
5274364485
2706051168
2650963931
0000891046
3651548870
0645023406
New circle
-----------9-circle of suspects:-----------
1960984127
0860981711
4511649208
0302704296
6755016690
5400870490
8526836020
2271250136
1101348519
0440486245
7174104213
3614299029
4429225984
5686763806
0959247680
5709828518
9637650307
6508813892
5934026119
4908475411
4432388754
0322130973
8238145449
8901182439
7569550129
4811508142
0005642086
9836638264
1567499035
6753377633
8720593704
4929634094
9058808256
8876599090
4023256678
0636260622
3538068831
5487192404
3337374425
7293577320
0065661167
9287406973
3149464504
0964759513
5542202826
8775871705
4550885421
7309818031
8239407281
2477406211
7159679967
5443951761
4607192200
0577318295
9448894637
3761800778
0162466677
7209686615
7364040387
2058904180
1243466078
8722628228
3822883185
7016099628
8824507857
8986906679
5221580540
2614080531
1951597305
6176799347
0545767109
9917523167
7329509856
9090602892
2448166554
2191280797
5968649494
9261357652
1145887803
4515148535
2771631308
7610544309
5597413733
3234604484
2337814070
6137550940
7786653921
2546621086
0478002040
5670458816
8685997740
7122993388
8669583798
8549065159
3206701161
0931141501
3771618380
2771414191
8046407222
6381826628
1302906733
4966661487
8816067272
2592315073
0517724947
7669228722
9349704730
8494881444
3836154485
8762045863
7294232385
2297090567
9361088492
7717863647
4378283294
9336167213
4328496340
4129283897
3523076588
6576804777
3604695628
3889115294
5771400375
5514922021
6827597566
1148371504
3438313296
4236893354
1959398267
7558655812
1572195200
9973617039
2977437549
6259100086
7356604500
1777487235
7781440489
6587417801
9236262862
7291158963
1712579681
8213350067
5646566689
5357371876
4791666803
7672247318
2158801309
3023676700
7419256086
2132954140
2674108626
7387928240
1772306626
0101910355
6472382572
1844674910
6504499037
3748242379
1735302177
7583929573
7321993313
6514288343
3691628208
6967423150
8221800554
9986668874
1062714957
3544201191
0980145326
7779156265
1729466281
8508869497
5504388253
6326319211
5717766958
6074876874
3856389296
2372535611
1985308524
0628854739
4299679749
9378584229
2357940633
8040801386
2056139366
4603490117
5782981227
6162829534
7999697572
3457203657
3623828623
2407688833
5207736403
0611495190
0725373311
9521825916
4135879175
1047099567
1224643397
5403342648
8541973700
6048945040
4398209384
4039938359
2570920751
6964912789
7522260294
2119032424
3949870544
3822106803
4600632623
3598587929
1343636338
4297384496
8091054374
4706080402
2959805031
1738429478
5437528523
0669002388
3900074380
2234027366
5210764751
0695386011
3307146399
6595124021
6502135261
0391297547
9625105460
8167541119
5091281318
3141946891
2132499380
9672007624
2025726777
3731648869
6008702171
9562621200
8298203744
0303126155
0230964277
6853310822
7796312024
6285919030
6667875508
0440349191
0683313877
7969549078
3356953389
3876030185
8752003827
2899061645
1468952085
3701659023
3749704689
6455931823
3912524763
2405762858
8457079077
2959632929
9758547188
3187434832
1330210555
9280955146
5222442059
9132830597
7431717528
6251299109
8509345037
2751858895
8843274091
1027724820
1634688685
6980378990
5082048634
6690830490
5251668150
8713136337
8086307811
6662741029
4876358888
0878453712
8394813125
1030721292
1531608173
3595012337
5786657163
7325745930
7438448215
2701761749
7344109775
9812762728
9757164567
4883094484
5274364485
2706051168
2650963931
0000891046
3651548870
0645023406
New circle
-----------10-circle of suspects:-----------
1960984127
0860981711
4511649208
0302704296
6755016690
5400870490
8526836020
2271250136
1101348519
0440486245
7174104213
3614299029
4429225984
5686763806
0959247680
5709828518
9637650307
6508813892
5934026119
4908475411
4432388754
0322130973
8238145449
8901182439
7569550129
4811508142
0005642086
9836638264
1567499035
6753377633
8720593704
4929634094
9058808256
8876599090
4023256678
0636260622
3538068831
5487192404
3337374425
7293577320
0065661167
9287406973
3149464504
0964759513
5542202826
8775871705
4550885421
7309818031
8239407281
2477406211
7159679967
5443951761
4607192200
0577318295
9448894637
3761800778
0162466677
7209686615
7364040387
2058904180
1243466078
8722628228
3822883185
7016099628
8824507857
8986906679
5221580540
2614080531
1951597305
6176799347
0545767109
9917523167
7329509856
9090602892
2448166554
2191280797
5968649494
9261357652
1145887803
4515148535
2771631308
7610544309
5597413733
3234604484
2337814070
6137550940
7786653921
2546621086
0478002040
5670458816
8685997740
7122993388
8669583798
8549065159
3206701161
0931141501
3771618380
2771414191
8046407222
6381826628
1302906733
4966661487
8816067272
2592315073
0517724947
7669228722
9349704730
8494881444
3836154485
8762045863
7294232385
2297090567
9361088492
7717863647
4378283294
9336167213
4328496340
4129283897
3523076588
6576804777
3604695628
3889115294
5771400375
5514922021
6827597566
1148371504
3438313296
4236893354
1959398267
7558655812
1572195200
9973617039
2977437549
6259100086
7356604500
1777487235
7781440489
6587417801
9236262862
7291158963
1712579681
8213350067
5646566689
5357371876
4791666803
7672247318
2158801309
3023676700
7419256086
2132954140
2674108626
7387928240
1772306626
0101910355
6472382572
1844674910
6504499037
3748242379
1735302177
7583929573
7321993313
6514288343
3691628208
6967423150
8221800554
9986668874
1062714957
3544201191
0980145326
7779156265
1729466281
8508869497
5504388253
6326319211
5717766958
6074876874
3856389296
2372535611
1985308524
0628854739
4299679749
9378584229
2357940633
8040801386
2056139366
4603490117
5782981227
6162829534
7999697572
3457203657
3623828623
2407688833
5207736403
0611495190
0725373311
9521825916
4135879175
1047099567
1224643397
5403342648
8541973700
6048945040
4398209384
4039938359
2570920751
6964912789
7522260294
2119032424
3949870544
3822106803
4600632623
3598587929
1343636338
4297384496
8091054374
4706080402
2959805031
1738429478
5437528523
0669002388
3900074380
2234027366
5210764751
0695386011
3307146399
6595124021
6502135261
0391297547
9625105460
8167541119
5091281318
3141946891
2132499380
9672007624
2025726777
3731648869
6008702171
9562621200
8298203744
0303126155
0230964277
6853310822
7796312024
6285919030
6667875508
0440349191
0683313877
7969549078
3356953389
3876030185
8752003827
2899061645
1468952085
3701659023
3749704689
6455931823
3912524763
2405762858
8457079077
2959632929
9758547188
3187434832
1330210555
9280955146
5222442059
9132830597
7431717528
6251299109
8509345037
2751858895
8843274091
1027724820
1634688685
6980378990
5082048634
6690830490
5251668150
8713136337
8086307811
6662741029
4876358888
0878453712
8394813125
1030721292
1531608173
3595012337
5786657163
7325745930
7438448215
2701761749
7344109775
9812762728
9757164567
4883094484
5274364485
2706051168
2650963931
0000891046
3651548870
0645023406
New circle
-----------11-circle of suspects:-----------
1960984127
0860981711
4511649208
0302704296
6755016690
5400870490
8526836020
2271250136
1101348519
0440486245
7174104213
3614299029
4429225984
5686763806
0959247680
5709828518
9637650307
6508813892
5934026119
4908475411
4432388754
0322130973
8238145449
8901182439
7569550129
4811508142
0005642086
9836638264
1567499035
6753377633
8720593704
4929634094
9058808256
8876599090
4023256678
0636260622
3538068831
5487192404
3337374425
7293577320
0065661167
9287406973
3149464504
0964759513
5542202826
8775871705
4550885421
7309818031
8239407281
2477406211
7159679967
5443951761
4607192200
0577318295
9448894637
3761800778
0162466677
7209686615
7364040387
2058904180
1243466078
8722628228
3822883185
7016099628
8824507857
8986906679
5221580540
2614080531
1951597305
6176799347
0545767109
9917523167
7329509856
9090602892
2448166554
2191280797
5968649494
9261357652
1145887803
4515148535
2771631308
7610544309
5597413733
3234604484
2337814070
6137550940
7786653921
2546621086
0478002040
5670458816
8685997740
7122993388
8669583798
8549065159
3206701161
0931141501
3771618380
2771414191
8046407222
6381826628
1302906733
4966661487
8816067272
2592315073
0517724947
7669228722
9349704730
8494881444
3836154485
8762045863
7294232385
2297090567
9361088492
7717863647
4378283294
9336167213
4328496340
4129283897
3523076588
6576804777
3604695628
3889115294
5771400375
5514922021
6827597566
1148371504
3438313296
4236893354
1959398267
7558655812
1572195200
9973617039
2977437549
6259100086
7356604500
1777487235
7781440489
6587417801
9236262862
7291158963
1712579681
8213350067
5646566689
5357371876
4791666803
7672247318
2158801309
3023676700
7419256086
2132954140
2674108626
7387928240
1772306626
0101910355
6472382572
1844674910
6504499037
3748242379
1735302177
7583929573
7321993313
6514288343
3691628208
6967423150
8221800554
9986668874
1062714957
3544201191
0980145326
7779156265
1729466281
8508869497
5504388253
6326319211
5717766958
6074876874
3856389296
2372535611
1985308524
0628854739
4299679749
9378584229
2357940633
8040801386
2056139366
4603490117
5782981227
6162829534
7999697572
3457203657
3623828623
2407688833
5207736403
0611495190
0725373311
9521825916
4135879175
1047099567
1224643397
5403342648
8541973700
6048945040
4398209384
4039938359
2570920751
6964912789
7522260294
2119032424
3949870544
3822106803
4600632623
3598587929
1343636338
4297384496
8091054374
4706080402
2959805031
1738429478
5437528523
0669002388
3900074380
2234027366
5210764751
0695386011
3307146399
6595124021
6502135261
0391297547
9625105460
8167541119
5091281318
3141946891
2132499380
9672007624
2025726777
3731648869
6008702171
9562621200
8298203744
0303126155
0230964277
6853310822
7796312024
6285919030
6667875508
0440349191
0683313877
7969549078
3356953389
3876030185
8752003827
2899061645
1468952085
3701659023
3749704689
6455931823
3912524763
2405762858
8457079077
2959632929
9758547188
3187434832
1330210555
9280955146
5222442059
9132830597
7431717528
6251299109
8509345037
2751858895
8843274091
1027724820
1634688685
6980378990
5082048634
6690830490
5251668150
8713136337
8086307811
6662741029
4876358888
0878453712
8394813125
1030721292
1531608173
3595012337
5786657163
7325745930
7438448215
2701761749
7344109775
9812762728
9757164567
4883094484
5274364485
2706051168
2650963931
0000891046
3651548870
0645023406
New circle
-----------12-circle of suspects:-----------
1960984127
0860981711
4511649208
0302704296
6755016690
5400870490
8526836020
2271250136
1101348519
0440486245
7174104213
3614299029
4429225984
5686763806
0959247680
5709828518
9637650307
6508813892
5934026119
4908475411
4432388754
0322130973
8238145449
8901182439
7569550129
4811508142
0005642086
9836638264
1567499035
6753377633
8720593704
4929634094
9058808256
8876599090
4023256678
0636260622
3538068831
5487192404
3337374425
7293577320
0065661167
9287406973
3149464504
0964759513
5542202826
8775871705
4550885421
7309818031
8239407281
2477406211
7159679967
5443951761
4607192200
0577318295
9448894637
3761800778
0162466677
7209686615
7364040387
2058904180
1243466078
8722628228
3822883185
7016099628
8824507857
8986906679
5221580540
2614080531
1951597305
6176799347
0545767109
9917523167
7329509856
9090602892
2448166554
2191280797
5968649494
9261357652
1145887803
4515148535
2771631308
7610544309
5597413733
3234604484
2337814070
6137550940
7786653921
2546621086
0478002040
5670458816
8685997740
7122993388
8669583798
8549065159
3206701161
0931141501
3771618380
2771414191
8046407222
6381826628
1302906733
4966661487
8816067272
2592315073
0517724947
7669228722
9349704730
8494881444
3836154485
8762045863
7294232385
2297090567
9361088492
7717863647
4378283294
9336167213
4328496340
4129283897
3523076588
6576804777
3604695628
3889115294
5771400375
5514922021
6827597566
1148371504
3438313296
4236893354
1959398267
7558655812
1572195200
9973617039
2977437549
6259100086
7356604500
1777487235
7781440489
6587417801
9236262862
7291158963
1712579681
8213350067
5646566689
5357371876
4791666803
7672247318
2158801309
3023676700
7419256086
2132954140
2674108626
7387928240
1772306626
0101910355
6472382572
1844674910
6504499037
3748242379
1735302177
7583929573
7321993313
6514288343
3691628208
6967423150
8221800554
9986668874
1062714957
3544201191
0980145326
7779156265
1729466281
8508869497
5504388253
6326319211
5717766958
6074876874
3856389296
2372535611
1985308524
0628854739
4299679749
9378584229
2357940633
8040801386
2056139366
4603490117
5782981227
6162829534
7999697572
3457203657
3623828623
2407688833
5207736403
0611495190
0725373311
9521825916
4135879175
1047099567
1224643397
5403342648
8541973700
6048945040
4398209384
4039938359
2570920751
6964912789
7522260294
2119032424
3949870544
3822106803
4600632623
3598587929
1343636338
4297384496
8091054374
4706080402
2959805031
1738429478
5437528523
0669002388
3900074380
2234027366
5210764751
0695386011
3307146399
6595124021
6502135261
0391297547
9625105460
8167541119
5091281318
3141946891
2132499380
9672007624
2025726777
3731648869
6008702171
9562621200
8298203744
0303126155
0230964277
6853310822
7796312024
6285919030
6667875508
0440349191
0683313877
7969549078
3356953389
3876030185
8752003827
2899061645
1468952085
3701659023
3749704689
6455931823
3912524763
2405762858
8457079077
2959632929
9758547188
3187434832
1330210555
9280955146
5222442059
9132830597
7431717528
6251299109
8509345037
2751858895
8843274091
1027724820
1634688685
6980378990
5082048634
6690830490
5251668150
8713136337
8086307811
6662741029
4876358888
0878453712
8394813125
1030721292
1531608173
3595012337
5786657163
7325745930
7438448215
2701761749
7344109775
9812762728
9757164567
4883094484
5274364485
2706051168
2650963931
0000891046
3651548870
0645023406
New circle
-----------13-circle of suspects:-----------
1960984127
0860981711
4511649208
0302704296
6755016690
5400870490
8526836020
2271250136
1101348519
0440486245
7174104213
3614299029
4429225984
5686763806
0959247680
5709828518
9637650307
6508813892
5934026119
4908475411
4432388754
0322130973
8238145449
8901182439
7569550129
4811508142
0005642086
9836638264
1567499035
6753377633
8720593704
4929634094
9058808256
8876599090
4023256678
0636260622
3538068831
5487192404
3337374425
7293577320
0065661167
9287406973
3149464504
0964759513
5542202826
8775871705
4550885421
7309818031
8239407281
2477406211
7159679967
5443951761
4607192200
0577318295
9448894637
3761800778
0162466677
7209686615
7364040387
2058904180
1243466078
8722628228
3822883185
7016099628
8824507857
8986906679
5221580540
2614080531
1951597305
6176799347
0545767109
9917523167
7329509856
9090602892
2448166554
2191280797
5968649494
9261357652
1145887803
4515148535
2771631308
7610544309
5597413733
3234604484
2337814070
6137550940
7786653921
2546621086
0478002040
5670458816
8685997740
7122993388
8669583798
8549065159
3206701161
0931141501
3771618380
2771414191
8046407222
6381826628
1302906733
4966661487
8816067272
2592315073
0517724947
7669228722
9349704730
8494881444
3836154485
8762045863
7294232385
2297090567
9361088492
7717863647
4378283294
9336167213
4328496340
4129283897
3523076588
6576804777
3604695628
3889115294
5771400375
5514922021
6827597566
1148371504
3438313296
4236893354
1959398267
7558655812
1572195200
9973617039
2977437549
6259100086
7356604500
1777487235
7781440489
6587417801
9236262862
7291158963
1712579681
8213350067
5646566689
5357371876
4791666803
7672247318
2158801309
3023676700
7419256086
2132954140
2674108626
7387928240
1772306626
0101910355
6472382572
1844674910
6504499037
3748242379
1735302177
7583929573
7321993313
6514288343
3691628208
6967423150
8221800554
9986668874
1062714957
3544201191
0980145326
7779156265
1729466281
8508869497
5504388253
6326319211
5717766958
6074876874
3856389296
2372535611
1985308524
0628854739
4299679749
9378584229
2357940633
8040801386
2056139366
4603490117
5782981227
6162829534
7999697572
3457203657
3623828623
2407688833
5207736403
0611495190
0725373311
9521825916
4135879175
1047099567
1224643397
5403342648
8541973700
6048945040
4398209384
4039938359
2570920751
6964912789
7522260294
2119032424
3949870544
3822106803
4600632623
3598587929
1343636338
4297384496
8091054374
4706080402
2959805031
1738429478
5437528523
0669002388
3900074380
2234027366
5210764751
0695386011
3307146399
6595124021
6502135261
0391297547
9625105460
8167541119
5091281318
3141946891
2132499380
9672007624
2025726777
3731648869
6008702171
9562621200
8298203744
0303126155
0230964277
6853310822
7796312024
6285919030
6667875508
0440349191
0683313877
7969549078
3356953389
3876030185
8752003827
2899061645
1468952085
3701659023
3749704689
6455931823
3912524763
2405762858
8457079077
2959632929
9758547188
3187434832
1330210555
9280955146
5222442059
9132830597
7431717528
6251299109
8509345037
2751858895
8843274091
1027724820
1634688685
6980378990
5082048634
6690830490
5251668150
8713136337
8086307811
6662741029
4876358888
0878453712
8394813125
1030721292
1531608173
3595012337
5786657163
7325745930
7438448215
2701761749
7344109775
9812762728
9757164567
4883094484
5274364485
2706051168
2650963931
0000891046
3651548870
0645023406
New circle
-----------14-circle of suspects:-----------
1960984127
0860981711
4511649208
0302704296
6755016690
5400870490
8526836020
2271250136
1101348519
0440486245
7174104213
3614299029
4429225984
5686763806
0959247680
5709828518
9637650307
6508813892
5934026119
4908475411
4432388754
0322130973
8238145449
8901182439
7569550129
4811508142
0005642086
9836638264
1567499035
6753377633
8720593704
4929634094
9058808256
8876599090
4023256678
0636260622
3538068831
5487192404
3337374425
7293577320
0065661167
9287406973
3149464504
0964759513
5542202826
8775871705
4550885421
7309818031
8239407281
2477406211
7159679967
5443951761
4607192200
0577318295
9448894637
3761800778
0162466677
7209686615
7364040387
2058904180
1243466078
8722628228
3822883185
7016099628
8824507857
8986906679
5221580540
2614080531
1951597305
6176799347
0545767109
9917523167
7329509856
9090602892
2448166554
2191280797
5968649494
9261357652
1145887803
4515148535
2771631308
7610544309
5597413733
3234604484
2337814070
6137550940
7786653921
2546621086
0478002040
5670458816
8685997740
7122993388
8669583798
8549065159
3206701161
0931141501
3771618380
2771414191
8046407222
6381826628
1302906733
4966661487
8816067272
2592315073
0517724947
7669228722
9349704730
8494881444
3836154485
8762045863
7294232385
2297090567
9361088492
7717863647
4378283294
9336167213
4328496340
4129283897
3523076588
6576804777
3604695628
3889115294
5771400375
5514922021
6827597566
1148371504
3438313296
4236893354
1959398267
7558655812
1572195200
9973617039
2977437549
6259100086
7356604500
1777487235
7781440489
6587417801
9236262862
7291158963
1712579681
8213350067
5646566689
5357371876
4791666803
7672247318
2158801309
3023676700
7419256086
2132954140
2674108626
7387928240
1772306626
0101910355
6472382572
1844674910
6504499037
3748242379
1735302177
7583929573
7321993313
6514288343
3691628208
6967423150
8221800554
9986668874
1062714957
3544201191
0980145326
7779156265
1729466281
8508869497
5504388253
6326319211
5717766958
6074876874
3856389296
2372535611
1985308524
0628854739
4299679749
9378584229
2357940633
8040801386
2056139366
4603490117
5782981227
6162829534
7999697572
3457203657
3623828623
2407688833
5207736403
0611495190
0725373311
9521825916
4135879175
1047099567
1224643397
5403342648
8541973700
6048945040
4398209384
4039938359
2570920751
6964912789
7522260294
2119032424
3949870544
3822106803
4600632623
3598587929
1343636338
4297384496
8091054374
4706080402
2959805031
1738429478
5437528523
0669002388
3900074380
2234027366
5210764751
0695386011
3307146399
6595124021
6502135261
0391297547
9625105460
8167541119
5091281318
3141946891
2132499380
9672007624
2025726777
3731648869
6008702171
9562621200
8298203744
0303126155
0230964277
6853310822
7796312024
6285919030
6667875508
0440349191
0683313877
7969549078
3356953389
3876030185
8752003827
2899061645
1468952085
3701659023
3749704689
6455931823
3912524763
2405762858
8457079077
2959632929
9758547188
3187434832
1330210555
9280955146
5222442059
9132830597
7431717528
6251299109
8509345037
2751858895
8843274091
1027724820
1634688685
6980378990
5082048634
6690830490
5251668150
8713136337
8086307811
6662741029
4876358888
0878453712
8394813125
1030721292
1531608173
3595012337
5786657163
7325745930
7438448215
2701761749
7344109775
9812762728
9757164567
4883094484
5274364485
2706051168
2650963931
0000891046
3651548870
0645023406
New circle
-----------15-circle of suspects:-----------
1960984127
0860981711
4511649208
0302704296
6755016690
5400870490
8526836020
2271250136
1101348519
0440486245
7174104213
3614299029
4429225984
5686763806
0959247680
5709828518
9637650307
6508813892
5934026119
4908475411
4432388754
0322130973
8238145449
8901182439
7569550129
4811508142
0005642086
9836638264
1567499035
6753377633
8720593704
4929634094
9058808256
8876599090
4023256678
0636260622
3538068831
5487192404
3337374425
7293577320
0065661167
9287406973
3149464504
0964759513
5542202826
8775871705
4550885421
7309818031
8239407281
2477406211
7159679967
5443951761
4607192200
0577318295
9448894637
3761800778
0162466677
7209686615
7364040387
2058904180
1243466078
8722628228
3822883185
7016099628
8824507857
8986906679
5221580540
2614080531
1951597305
6176799347
0545767109
9917523167
7329509856
9090602892
2448166554
2191280797
5968649494
9261357652
1145887803
4515148535
2771631308
7610544309
5597413733
3234604484
2337814070
6137550940
7786653921
2546621086
0478002040
5670458816
8685997740
7122993388
8669583798
8549065159
3206701161
0931141501
3771618380
2771414191
8046407222
6381826628
1302906733
4966661487
8816067272
2592315073
0517724947
7669228722
9349704730
8494881444
3836154485
8762045863
7294232385
2297090567
9361088492
7717863647
4378283294
9336167213
4328496340
4129283897
3523076588
6576804777
3604695628
3889115294
5771400375
5514922021
6827597566
1148371504
3438313296
4236893354
1959398267
7558655812
1572195200
9973617039
2977437549
6259100086
7356604500
1777487235
7781440489
6587417801
9236262862
7291158963
1712579681
8213350067
5646566689
5357371876
4791666803
7672247318
2158801309
3023676700
7419256086
2132954140
2674108626
7387928240
1772306626
0101910355
6472382572
1844674910
6504499037
3748242379
1735302177
7583929573
7321993313
6514288343
3691628208
6967423150
8221800554
9986668874
1062714957
3544201191
0980145326
7779156265
1729466281
8508869497
5504388253
6326319211
5717766958
6074876874
3856389296
2372535611
1985308524
0628854739
4299679749
9378584229
2357940633
8040801386
2056139366
4603490117
5782981227
6162829534
7999697572
3457203657
3623828623
2407688833
5207736403
0611495190
0725373311
9521825916
4135879175
1047099567
1224643397
5403342648
8541973700
6048945040
4398209384
4039938359
2570920751
6964912789
7522260294
2119032424
3949870544
3822106803
4600632623
3598587929
1343636338
4297384496
8091054374
4706080402
2959805031
1738429478
5437528523
0669002388
3900074380
2234027366
5210764751
0695386011
3307146399
6595124021
6502135261
0391297547
9625105460
8167541119
5091281318
3141946891
2132499380
9672007624
2025726777
3731648869
6008702171
9562621200
8298203744
0303126155
0230964277
6853310822
7796312024
6285919030
6667875508
0440349191
0683313877
7969549078
3356953389
3876030185
8752003827
2899061645
1468952085
3701659023
3749704689
6455931823
3912524763
2405762858
8457079077
2959632929
9758547188
3187434832
1330210555
9280955146
5222442059
9132830597
7431717528
6251299109
8509345037
2751858895
8843274091
1027724820
1634688685
6980378990
5082048634
6690830490
5251668150
8713136337
8086307811
6662741029
4876358888
0878453712
8394813125
1030721292
1531608173
3595012337
5786657163
7325745930
7438448215
2701761749
7344109775
9812762728
9757164567
4883094484
5274364485
2706051168
2650963931
0000891046
3651548870
0645023406
New circle
-----------16-circle of suspects:-----------
1960984127
0860981711
4511649208
0302704296
6755016690
5400870490
8526836020
2271250136
1101348519
0440486245
7174104213
3614299029
4429225984
5686763806
0959247680
5709828518
9637650307
6508813892
5934026119
4908475411
4432388754
0322130973
8238145449
8901182439
7569550129
4811508142
0005642086
9836638264
1567499035
6753377633
8720593704
4929634094
9058808256
8876599090
4023256678
0636260622
3538068831
5487192404
3337374425
7293577320
0065661167
9287406973
3149464504
0964759513
5542202826
8775871705
4550885421
7309818031
8239407281
2477406211
7159679967
5443951761
4607192200
0577318295
9448894637
3761800778
0162466677
7209686615
7364040387
2058904180
1243466078
8722628228
3822883185
7016099628
8824507857
8986906679
5221580540
2614080531
1951597305
6176799347
0545767109
9917523167
7329509856
9090602892
2448166554
2191280797
5968649494
9261357652
1145887803
4515148535
2771631308
7610544309
5597413733
3234604484
2337814070
6137550940
7786653921
2546621086
0478002040
5670458816
8685997740
7122993388
8669583798
8549065159
3206701161
0931141501
3771618380
2771414191
8046407222
6381826628
1302906733
4966661487
8816067272
2592315073
0517724947
7669228722
9349704730
8494881444
3836154485
8762045863
7294232385
2297090567
9361088492
7717863647
4378283294
9336167213
4328496340
4129283897
3523076588
6576804777
3604695628
3889115294
5771400375
5514922021
6827597566
1148371504
3438313296
4236893354
1959398267
7558655812
1572195200
9973617039
2977437549
6259100086
7356604500
1777487235
7781440489
6587417801
9236262862
7291158963
1712579681
8213350067
5646566689
5357371876
4791666803
7672247318
2158801309
3023676700
7419256086
2132954140
2674108626
7387928240
1772306626
0101910355
6472382572
1844674910
6504499037
3748242379
1735302177
7583929573
7321993313
6514288343
3691628208
6967423150
8221800554
9986668874
1062714957
3544201191
0980145326
7779156265
1729466281
8508869497
5504388253
6326319211
5717766958
6074876874
3856389296
2372535611
1985308524
0628854739
4299679749
9378584229
2357940633
8040801386
2056139366
4603490117
5782981227
6162829534
7999697572
3457203657
3623828623
2407688833
5207736403
0611495190
0725373311
9521825916
4135879175
1047099567
1224643397
5403342648
8541973700
6048945040
4398209384
4039938359
2570920751
6964912789
7522260294
2119032424
3949870544
3822106803
4600632623
3598587929
1343636338
4297384496
8091054374
4706080402
2959805031
1738429478
5437528523
0669002388
3900074380
2234027366
5210764751
0695386011
3307146399
6595124021
6502135261
0391297547
9625105460
8167541119
5091281318
3141946891
2132499380
9672007624
2025726777
3731648869
6008702171
9562621200
8298203744
0303126155
0230964277
6853310822
7796312024
6285919030
6667875508
0440349191
0683313877
7969549078
3356953389
3876030185
8752003827
2899061645
1468952085
3701659023
3749704689
6455931823
3912524763
2405762858
8457079077
2959632929
9758547188
3187434832
1330210555
9280955146
5222442059
9132830597
7431717528
6251299109
8509345037
2751858895
8843274091
1027724820
1634688685
6980378990
5082048634
6690830490
5251668150
8713136337
8086307811
6662741029
4876358888
0878453712
8394813125
1030721292
1531608173
3595012337
5786657163
7325745930
7438448215
2701761749
7344109775
9812762728
9757164567
4883094484
5274364485
2706051168
2650963931
0000891046
3651548870
0645023406
New circle
-----------17-circle of suspects:-----------
1960984127
0860981711
4511649208
0302704296
6755016690
5400870490
8526836020
2271250136
1101348519
0440486245
7174104213
3614299029
4429225984
5686763806
0959247680
5709828518
9637650307
6508813892
5934026119
4908475411
4432388754
0322130973
8238145449
8901182439
7569550129
4811508142
0005642086
9836638264
1567499035
6753377633
8720593704
4929634094
9058808256
8876599090
4023256678
0636260622
3538068831
5487192404
3337374425
7293577320
0065661167
9287406973
3149464504
0964759513
5542202826
8775871705
4550885421
7309818031
8239407281
2477406211
7159679967
5443951761
4607192200
0577318295
9448894637
3761800778
0162466677
7209686615
7364040387
2058904180
1243466078
8722628228
3822883185
7016099628
8824507857
8986906679
5221580540
2614080531
1951597305
6176799347
0545767109
9917523167
7329509856
9090602892
2448166554
2191280797
5968649494
9261357652
1145887803
4515148535
2771631308
7610544309
5597413733
3234604484
2337814070
6137550940
7786653921
2546621086
0478002040
5670458816
8685997740
7122993388
8669583798
8549065159
3206701161
0931141501
3771618380
2771414191
8046407222
6381826628
1302906733
4966661487
8816067272
2592315073
0517724947
7669228722
9349704730
8494881444
3836154485
8762045863
7294232385
2297090567
9361088492
7717863647
4378283294
9336167213
4328496340
4129283897
3523076588
6576804777
3604695628
3889115294
5771400375
5514922021
6827597566
1148371504
3438313296
4236893354
1959398267
7558655812
1572195200
9973617039
2977437549
6259100086
7356604500
1777487235
7781440489
6587417801
9236262862
7291158963
1712579681
8213350067
5646566689
5357371876
4791666803
7672247318
2158801309
3023676700
7419256086
2132954140
2674108626
7387928240
1772306626
0101910355
6472382572
1844674910
6504499037
3748242379
1735302177
7583929573
7321993313
6514288343
3691628208
6967423150
8221800554
9986668874
1062714957
3544201191
0980145326
7779156265
1729466281
8508869497
5504388253
6326319211
5717766958
6074876874
3856389296
2372535611
1985308524
0628854739
4299679749
9378584229
2357940633
8040801386
2056139366
4603490117
5782981227
6162829534
7999697572
3457203657
3623828623
2407688833
5207736403
0611495190
0725373311
9521825916
4135879175
1047099567
1224643397
5403342648
8541973700
6048945040
4398209384
4039938359
2570920751
6964912789
7522260294
2119032424
3949870544
3822106803
4600632623
3598587929
1343636338
4297384496
8091054374
4706080402
2959805031
1738429478
5437528523
0669002388
3900074380
2234027366
5210764751
0695386011
3307146399
6595124021
6502135261
0391297547
9625105460
8167541119
5091281318
3141946891
2132499380
9672007624
2025726777
3731648869
6008702171
9562621200
8298203744
0303126155
0230964277
6853310822
7796312024
6285919030
6667875508
0440349191
0683313877
7969549078
3356953389
3876030185
8752003827
2899061645
1468952085
3701659023
3749704689
6455931823
3912524763
2405762858
8457079077
2959632929
9758547188
3187434832
1330210555
9280955146
5222442059
9132830597
7431717528
6251299109
8509345037
2751858895
8843274091
1027724820
1634688685
6980378990
5082048634
6690830490
5251668150
8713136337
8086307811
6662741029
4876358888
0878453712
8394813125
1030721292
1531608173
3595012337
5786657163
7325745930
7438448215
2701761749
7344109775
9812762728
9757164567
4883094484
5274364485
2706051168
2650963931
0000891046
3651548870
0645023406
New circle
-----------18-circle of suspects:-----------
1960984127
0860981711
4511649208
0302704296
6755016690
5400870490
8526836020
2271250136
1101348519
0440486245
7174104213
3614299029
4429225984
5686763806
0959247680
5709828518
9637650307
6508813892
5934026119
4908475411
4432388754
0322130973
8238145449
8901182439
7569550129
4811508142
0005642086
9836638264
1567499035
6753377633
8720593704
4929634094
9058808256
8876599090
4023256678
0636260622
3538068831
5487192404
3337374425
7293577320
0065661167
9287406973
3149464504
0964759513
5542202826
8775871705
4550885421
7309818031
8239407281
2477406211
7159679967
5443951761
4607192200
0577318295
9448894637
3761800778
0162466677
7209686615
7364040387
2058904180
1243466078
8722628228
3822883185
7016099628
8824507857
8986906679
5221580540
2614080531
1951597305
6176799347
0545767109
9917523167
7329509856
9090602892
2448166554
2191280797
5968649494
9261357652
1145887803
4515148535
2771631308
7610544309
5597413733
3234604484
2337814070
6137550940
7786653921
2546621086
0478002040
5670458816
8685997740
7122993388
8669583798
8549065159
3206701161
0931141501
3771618380
2771414191
8046407222
6381826628
1302906733
4966661487
8816067272
2592315073
0517724947
7669228722
9349704730
8494881444
3836154485
8762045863
7294232385
2297090567
9361088492
7717863647
4378283294
9336167213
4328496340
4129283897
3523076588
6576804777
3604695628
3889115294
5771400375
5514922021
6827597566
1148371504
3438313296
4236893354
1959398267
7558655812
1572195200
9973617039
2977437549
6259100086
7356604500
1777487235
7781440489
6587417801
9236262862
7291158963
1712579681
8213350067
5646566689
5357371876
4791666803
7672247318
2158801309
3023676700
7419256086
2132954140
2674108626
7387928240
1772306626
0101910355
6472382572
1844674910
6504499037
3748242379
1735302177
7583929573
7321993313
6514288343
3691628208
6967423150
8221800554
9986668874
1062714957
3544201191
0980145326
7779156265
1729466281
8508869497
5504388253
6326319211
5717766958
6074876874
3856389296
2372535611
1985308524
0628854739
4299679749
9378584229
2357940633
8040801386
2056139366
4603490117
5782981227
6162829534
7999697572
3457203657
3623828623
2407688833
5207736403
0611495190
0725373311
9521825916
4135879175
1047099567
1224643397
5403342648
8541973700
6048945040
4398209384
4039938359
2570920751
6964912789
7522260294
2119032424
3949870544
3822106803
4600632623
3598587929
1343636338
4297384496
8091054374
4706080402
2959805031
1738429478
5437528523
0669002388
3900074380
2234027366
5210764751
0695386011
3307146399
6595124021
6502135261
0391297547
9625105460
8167541119
5091281318
3141946891
2132499380
9672007624
2025726777
3731648869
6008702171
9562621200
8298203744
0303126155
0230964277
6853310822
7796312024
6285919030
6667875508
0440349191
0683313877
7969549078
3356953389
3876030185
8752003827
2899061645
1468952085
3701659023
3749704689
6455931823
3912524763
2405762858
8457079077
2959632929
9758547188
3187434832
1330210555
9280955146
5222442059
9132830597
7431717528
6251299109
8509345037
2751858895
8843274091
1027724820
1634688685
6980378990
5082048634
6690830490
5251668150
8713136337
8086307811
6662741029
4876358888
0878453712
8394813125
1030721292
1531608173
3595012337
5786657163
7325745930
7438448215
2701761749
7344109775
9812762728
9757164567
4883094484
5274364485
2706051168
2650963931
0000891046
3651548870
0645023406
New circle
-----------19-circle of suspects:-----------
1960984127
0860981711
4511649208
0302704296
6755016690
5400870490
8526836020
2271250136
1101348519
0440486245
7174104213
3614299029
4429225984
5686763806
0959247680
5709828518
9637650307
6508813892
5934026119
4908475411
4432388754
0322130973
8238145449
8901182439
7569550129
4811508142
0005642086
9836638264
1567499035
6753377633
8720593704
4929634094
9058808256
8876599090
4023256678
0636260622
3538068831
5487192404
3337374425
7293577320
0065661167
9287406973
3149464504
0964759513
5542202826
8775871705
4550885421
7309818031
8239407281
2477406211
7159679967
5443951761
4607192200
0577318295
9448894637
3761800778
0162466677
7209686615
7364040387
2058904180
1243466078
8722628228
3822883185
7016099628
8824507857
8986906679
5221580540
2614080531
1951597305
6176799347
0545767109
9917523167
7329509856
9090602892
2448166554
2191280797
5968649494
9261357652
1145887803
4515148535
2771631308
7610544309
5597413733
3234604484
2337814070
6137550940
7786653921
2546621086
0478002040
5670458816
8685997740
7122993388
8669583798
8549065159
3206701161
0931141501
3771618380
2771414191
8046407222
6381826628
1302906733
4966661487
8816067272
2592315073
0517724947
7669228722
9349704730
8494881444
3836154485
8762045863
7294232385
2297090567
9361088492
7717863647
4378283294
9336167213
4328496340
4129283897
3523076588
6576804777
3604695628
3889115294
5771400375
5514922021
6827597566
1148371504
3438313296
4236893354
1959398267
7558655812
1572195200
9973617039
2977437549
6259100086
7356604500
1777487235
7781440489
6587417801
9236262862
7291158963
1712579681
8213350067
5646566689
5357371876
4791666803
7672247318
2158801309
3023676700
7419256086
2132954140
2674108626
7387928240
1772306626
0101910355
6472382572
1844674910
6504499037
3748242379
1735302177
7583929573
7321993313
6514288343
3691628208
6967423150
8221800554
9986668874
1062714957
3544201191
0980145326
7779156265
1729466281
8508869497
5504388253
6326319211
5717766958
6074876874
3856389296
2372535611
1985308524
0628854739
4299679749
9378584229
2357940633
8040801386
2056139366
4603490117
5782981227
6162829534
7999697572
3457203657
3623828623
2407688833
5207736403
0611495190
0725373311
9521825916
4135879175
1047099567
1224643397
5403342648
8541973700
6048945040
4398209384
4039938359
2570920751
6964912789
7522260294
2119032424
3949870544
3822106803
4600632623
3598587929
1343636338
4297384496
8091054374
4706080402
2959805031
1738429478
5437528523
0669002388
3900074380
2234027366
5210764751
0695386011
3307146399
6595124021
6502135261
0391297547
9625105460
8167541119
5091281318
3141946891
2132499380
9672007624
2025726777
3731648869
6008702171
9562621200
8298203744
0303126155
0230964277
6853310822
7796312024
6285919030
6667875508
0440349191
0683313877
7969549078
3356953389
3876030185
8752003827
2899061645
1468952085
3701659023
3749704689
6455931823
3912524763
2405762858
8457079077
2959632929
9758547188
3187434832
1330210555
9280955146
5222442059
9132830597
7431717528
6251299109
8509345037
2751858895
8843274091
1027724820
1634688685
6980378990
5082048634
6690830490
5251668150
8713136337
8086307811
6662741029
4876358888
0878453712
8394813125
1030721292
1531608173
3595012337
5786657163
7325745930
7438448215
2701761749
7344109775
9812762728
9757164567
4883094484
5274364485
2706051168
2650963931
0000891046
3651548870
0645023406
New circle
-----------20-circle of suspects:-----------
1960984127
0860981711
4511649208
0302704296
6755016690
5400870490
8526836020
2271250136
1101348519
0440486245
7174104213
3614299029
4429225984
5686763806
0959247680
5709828518
9637650307
6508813892
5934026119
4908475411
4432388754
0322130973
8238145449
8901182439
7569550129
4811508142
0005642086
9836638264
1567499035
6753377633
8720593704
4929634094
9058808256
8876599090
4023256678
0636260622
3538068831
5487192404
3337374425
7293577320
0065661167
9287406973
3149464504
0964759513
5542202826
8775871705
4550885421
7309818031
8239407281
2477406211
7159679967
5443951761
4607192200
0577318295
9448894637
3761800778
0162466677
7209686615
7364040387
2058904180
1243466078
8722628228
3822883185
7016099628
8824507857
8986906679
5221580540
2614080531
1951597305
6176799347
0545767109
9917523167
7329509856
9090602892
2448166554
2191280797
5968649494
9261357652
1145887803
4515148535
2771631308
7610544309
5597413733
3234604484
2337814070
6137550940
7786653921
2546621086
0478002040
5670458816
8685997740
7122993388
8669583798
8549065159
3206701161
0931141501
3771618380
2771414191
8046407222
6381826628
1302906733
4966661487
8816067272
2592315073
0517724947
7669228722
9349704730
8494881444
3836154485
8762045863
7294232385
2297090567
9361088492
7717863647
4378283294
9336167213
4328496340
4129283897
3523076588
6576804777
3604695628
3889115294
5771400375
5514922021
6827597566
1148371504
3438313296
4236893354
1959398267
7558655812
1572195200
9973617039
2977437549
6259100086
7356604500
1777487235
7781440489
6587417801
9236262862
7291158963
1712579681
8213350067
5646566689
5357371876
4791666803
7672247318
2158801309
3023676700
7419256086
2132954140
2674108626
7387928240
1772306626
0101910355
6472382572
1844674910
6504499037
3748242379
1735302177
7583929573
7321993313
6514288343
3691628208
6967423150
8221800554
9986668874
1062714957
3544201191
0980145326
7779156265
1729466281
8508869497
5504388253
6326319211
5717766958
6074876874
3856389296
2372535611
1985308524
0628854739
4299679749
9378584229
2357940633
8040801386
2056139366
4603490117
5782981227
6162829534
7999697572
3457203657
3623828623
2407688833
5207736403
0611495190
0725373311
9521825916
4135879175
1047099567
1224643397
5403342648
8541973700
6048945040
4398209384
4039938359
2570920751
6964912789
7522260294
2119032424
3949870544
3822106803
4600632623
3598587929
1343636338
4297384496
8091054374
4706080402
2959805031
1738429478
5437528523
0669002388
3900074380
2234027366
5210764751
0695386011
3307146399
6595124021
6502135261
0391297547
9625105460
8167541119
5091281318
3141946891
2132499380
9672007624
2025726777
3731648869
6008702171
9562621200
8298203744
0303126155
0230964277
6853310822
7796312024
6285919030
6667875508
0440349191
0683313877
7969549078
3356953389
3876030185
8752003827
2899061645
1468952085
3701659023
3749704689
6455931823
3912524763
2405762858
8457079077
2959632929
9758547188
3187434832
1330210555
9280955146
5222442059
9132830597
7431717528
6251299109
8509345037
2751858895
8843274091
1027724820
1634688685
6980378990
5082048634
6690830490
5251668150
8713136337
8086307811
6662741029
4876358888
0878453712
8394813125
1030721292
1531608173
3595012337
5786657163
7325745930
7438448215
2701761749
7344109775
9812762728
9757164567
4883094484
5274364485
2706051168
2650963931
0000891046
3651548870
0645023406
